100000000
100000000
100000000
100000000
100000000
100000000
100000000
1973790
1973790
100000000
100000000
100000000
100000000
100000000
100000000
100000000
100000000
100000000
100000000
100000000
100000000
100000000
1973790
1973790
1973790
1973790
100000000
100000000
100000000
100000000
100000000
100000000
100000000
100000000
100000000
100000000
100000000
1973790
1973790
1973790
1973790
1973790
1973790
100000000
100000000
100000000
100000000
100000000
100000000
100000000
100000000
100000000
1973790
1973790
2872619
2477861
1030415
3069998
1973790
1973790
100000000
100000000
100000000
100000000
100000000
100000000
100000000
1973790
2280482
964622
1162001
1973790
1973790
2741033
2741033
1425173
1973790
100000000
100000000
100000000
100000000
100000000
100000000
1973790
1030415
3201584
3135791
1973790
1973790
3201584
2083103
2083103
1973790
100000000
100000000
100000000
100000000
100000000
1973790
2346275
1951517
1973790
1973790
1973790
1973790
1973790
1973790
2806826
2543654
1973790
100000000
100000000
100000000
100000000
1973790
2477861
1973790
1162001
2477861
1973790
1973790
3135791
2543654
1973790
2938412
1973790
100000000
100000000
100000000
100000000
1973790
1885724
1973790
1973790
1973790
1973790
1973790
1973790
1973790
1973790
1688345
1973790
100000000
100000000
100000000
100000000
1973790
1951517
2543654
3201584
2017310
1973790
1973790
898829
2148896
1556759
1819931
1973790
100000000
100000000
100000000
100000000
100000000
1973790
2346275
2412068
1973790
1622552
2806826
1973790
1754138
2477861
1973790
100000000
100000000
100000000
100000000
100000000
1973790
1973790
1359380
2083103
2017310
1293587
1622552
2017310
1754138
1030415
1973790
1973790
100000000
100000000
100000000
100000000
1973790
1973790
1973790
1973790
1754138
3135791
2412068
3135791
1973790
1973790
1973790
1973790
100000000
100000000
100000000
1973790
1973790
1973790
100000000
100000000
1973790
1973790
1973790
1973790
100000000
100000000
1973790
1973790
1973790
100000000
100000000
1973790
1973790
100000000
100000000
100000000
100000000
100000000
100000000
100000000
100000000
100000000
100000000
1973790
1973790
100000000
100000000
100000000
100000000
100000000
100000000
100000000
100000000
100000000
100000000
100000000
100000000
100000000
100000000
100000000
100000000
100000000
