100000000
100000000
100000000
100000000
100000000
100000000
100000000
1973790
1973790
100000000
100000000
100000000
100000000
100000000
100000000
100000000
100000000
100000000
100000000
100000000
100000000
100000000
1973790
1973790
1973790
1973790
100000000
100000000
100000000
100000000
100000000
100000000
100000000
100000000
100000000
100000000
100000000
1973790
1973790
1973790
1973790
1973790
1973790
100000000
100000000
100000000
100000000
100000000
100000000
100000000
100000000
100000000
1973790
1973790
2346275
2017310
1359380
1293587
1973790
1973790
100000000
100000000
100000000
100000000
100000000
100000000
100000000
1973790
767243
767243
1490966
1819931
2477861
1688345
2083103
3135791
1973790
100000000
100000000
100000000
100000000
100000000
100000000
1973790
3201584
2872619
2675240
1973790
1973790
898829
1688345
2543654
1973790
100000000
100000000
100000000
100000000
100000000
1973790
2872619
898829
1973790
1973790
1973790
1973790
1973790
1973790
2083103
1030415
1973790
100000000
100000000
100000000
100000000
1973790
2017310
1973790
2346275
3004205
1973790
1973790
2872619
1819931
1973790
1490966
1973790
100000000
100000000
100000000
100000000
1973790
3069998
2938412
2346275
2280482
1973790
1973790
1293587
2938412
767243
2280482
1973790
100000000
100000000
100000000
100000000
1973790
1951517
2477861
2214689
1688345
1973790
1973790
1490966
2412068
1162001
767243
1973790
100000000
100000000
100000000
100000000
100000000
1973790
3004205
1754138
1293587
1973790
1973790
1227794
701450
1030415
1973790
100000000
100000000
100000000
100000000
100000000
1973790
1973790
2346275
1162001
2412068
1973790
1973790
1951517
1162001
3069998
1973790
1973790
100000000
100000000
100000000
100000000
1973790
1973790
1973790
1973790
1885724
1688345
1030415
1819931
1973790
1973790
1973790
1973790
100000000
100000000
100000000
1973790
1973790
1973790
100000000
100000000
1973790
1973790
1973790
1973790
100000000
100000000
1973790
1973790
1973790
100000000
100000000
1973790
1973790
100000000
100000000
100000000
100000000
100000000
100000000
100000000
100000000
100000000
100000000
1973790
1973790
100000000
100000000
100000000
100000000
100000000
100000000
100000000
100000000
100000000
100000000
100000000
100000000
100000000
100000000
100000000
100000000
100000000
