100000000
100000000
100000000
100000000
100000000
100000000
100000000
1973790
1973790
100000000
100000000
100000000
100000000
100000000
100000000
100000000
100000000
100000000
100000000
100000000
100000000
100000000
1973790
1973790
1973790
1973790
100000000
100000000
100000000
100000000
100000000
100000000
100000000
100000000
100000000
100000000
100000000
1973790
1973790
1973790
1973790
1973790
1973790
100000000
100000000
100000000
100000000
100000000
100000000
100000000
100000000
100000000
1973790
1973790
2938412
2477861
1754138
3069998
1973790
1973790
100000000
100000000
100000000
100000000
100000000
100000000
100000000
1973790
1973790
3069998
2938412
1096208
2806826
1227794
3267377
1973790
1973790
100000000
100000000
100000000
100000000
100000000
100000000
1973790
3267377
1754138
2477861
898829
1096208
1885724
2280482
1754138
1973790
100000000
100000000
100000000
100000000
100000000
1973790
964622
833036
1973790
1973790
1227794
2806826
1973790
1973790
1490966
3201584
1973790
100000000
100000000
100000000
100000000
1973790
2872619
1973790
1885724
2280482
1973790
1973790
2346275
767243
1973790
2806826
1973790
100000000
100000000
100000000
100000000
1973790
3004205
1973790
1951517
2148896
1973790
1973790
2675240
2675240
1973790
2543654
1973790
100000000
100000000
100000000
100000000
1973790
833036
3201584
1973790
1973790
3267377
1885724
1973790
1973790
1096208
1490966
1973790
100000000
100000000
100000000
100000000
100000000
1973790
3201584
1885724
1162001
1030415
1622552
1490966
2675240
1227794
1973790
100000000
100000000
100000000
100000000
100000000
1973790
1973790
1688345
2214689
2543654
701450
2609447
3004205
3004205
1819931
1973790
1973790
100000000
100000000
100000000
100000000
1973790
1973790
1973790
1973790
3069998
1490966
2609447
2806826
1973790
1973790
1973790
1973790
100000000
100000000
100000000
1973790
1973790
1973790
100000000
100000000
1973790
1973790
1973790
1973790
100000000
100000000
1973790
1973790
1973790
100000000
100000000
1973790
1973790
100000000
100000000
100000000
100000000
100000000
100000000
100000000
100000000
100000000
100000000
1973790
1973790
100000000
100000000
100000000
100000000
100000000
100000000
100000000
100000000
100000000
100000000
100000000
100000000
100000000
100000000
100000000
100000000
100000000
