100000000
100000000
100000000
100000000
100000000
100000000
100000000
1973790
1973790
100000000
100000000
100000000
100000000
100000000
100000000
100000000
100000000
100000000
100000000
100000000
100000000
100000000
1973790
1973790
1973790
1973790
100000000
100000000
100000000
100000000
100000000
100000000
100000000
100000000
100000000
100000000
100000000
1973790
1973790
1973790
1973790
1973790
1973790
100000000
100000000
100000000
100000000
100000000
100000000
100000000
100000000
100000000
1973790
1973790
2477861
1754138
964622
1885724
1973790
1973790
100000000
100000000
100000000
100000000
100000000
100000000
100000000
1973790
2477861
1688345
898829
1688345
1819931
1490966
1096208
1819931
1973790
100000000
100000000
100000000
100000000
100000000
100000000
1973790
1227794
2543654
2214689
833036
1162001
2938412
1556759
833036
1973790
100000000
100000000
100000000
100000000
100000000
1973790
2543654
2741033
1688345
1030415
3069998
2741033
1096208
2741033
1556759
701450
1973790
100000000
100000000
100000000
100000000
1973790
964622
2609447
1754138
1293587
2872619
898829
2806826
1951517
2543654
1359380
1973790
100000000
100000000
100000000
100000000
1973790
2412068
767243
1030415
2675240
2083103
3135791
1754138
1293587
2806826
2741033
1973790
100000000
100000000
100000000
100000000
1973790
3135791
2938412
1227794
2346275
701450
1293587
1885724
2083103
3069998
1425173
1973790
100000000
100000000
100000000
100000000
100000000
1973790
1622552
767243
3069998
1030415
1556759
2346275
1096208
3004205
1973790
100000000
100000000
100000000
100000000
100000000
1973790
1973790
1293587
1096208
1425173
833036
2148896
2083103
2346275
2214689
1973790
1973790
100000000
100000000
100000000
100000000
1973790
1973790
1973790
1973790
1622552
3004205
3135791
2346275
1973790
1973790
1973790
1973790
100000000
100000000
100000000
1973790
1973790
1973790
100000000
100000000
1973790
1973790
1973790
1973790
100000000
100000000
1973790
1973790
1973790
100000000
100000000
1973790
1973790
100000000
100000000
100000000
100000000
100000000
100000000
100000000
100000000
100000000
100000000
1973790
1973790
100000000
100000000
100000000
100000000
100000000
100000000
100000000
100000000
100000000
100000000
100000000
100000000
100000000
100000000
100000000
100000000
100000000
