100000000
100000000
100000000
100000000
100000000
100000000
100000000
1973790
1973790
100000000
100000000
100000000
100000000
100000000
100000000
100000000
100000000
100000000
100000000
100000000
100000000
100000000
1973790
1973790
1973790
1973790
100000000
100000000
100000000
100000000
100000000
100000000
100000000
100000000
100000000
100000000
100000000
1973790
1973790
1973790
1973790
1973790
1973790
100000000
100000000
100000000
100000000
100000000
100000000
100000000
100000000
100000000
1973790
1973790
2477861
1754138
964622
1885724
1973790
1973790
100000000
100000000
100000000
100000000
100000000
100000000
100000000
1973790
2477861
1688345
898829
2017310
2017310
1490966
1096208
1819931
1973790
100000000
100000000
100000000
100000000
100000000
100000000
1973790
1227794
898829
1973790
1973790
1973790
1973790
1030415
833036
1973790
100000000
100000000
100000000
100000000
100000000
1973790
2543654
2741033
3004205
2675240
1973790
1973790
3267377
833036
1556759
701450
1973790
100000000
100000000
100000000
100000000
1973790
964622
2609447
1030415
1973790
2017310
1754138
1973790
1030415
2543654
1359380
1973790
100000000
100000000
100000000
100000000
1973790
2412068
767243
1973790
1819931
2675240
1096208
1622552
1973790
2806826
2741033
1973790
100000000
100000000
100000000
100000000
1973790
3135791
2938412
1973790
1951517
2346275
3267377
2280482
1973790
3069998
1425173
1973790
100000000
100000000
100000000
100000000
100000000
1973790
1622552
1973790
1973790
1973790
1973790
1973790
1973790
3004205
1973790
100000000
100000000
100000000
100000000
100000000
1973790
1973790
1293587
1096208
1425173
2017310
2017310
2083103
2346275
2214689
1973790
1973790
100000000
100000000
100000000
100000000
1973790
1973790
1973790
1973790
1622552
3004205
3135791
2346275
1973790
1973790
1973790
1973790
100000000
100000000
100000000
1973790
1973790
1973790
100000000
100000000
1973790
1973790
1973790
1973790
100000000
100000000
1973790
1973790
1973790
100000000
100000000
1973790
1973790
100000000
100000000
100000000
100000000
100000000
100000000
100000000
100000000
100000000
100000000
1973790
1973790
100000000
100000000
100000000
100000000
100000000
100000000
100000000
100000000
100000000
100000000
100000000
100000000
100000000
100000000
100000000
100000000
100000000
