100000000
100000000
100000000
100000000
100000000
100000000
100000000
1973790
1973790
100000000
100000000
100000000
100000000
100000000
100000000
100000000
100000000
100000000
100000000
100000000
100000000
100000000
1973790
1973790
1973790
1973790
100000000
100000000
100000000
100000000
100000000
100000000
100000000
100000000
100000000
100000000
100000000
1973790
1973790
1973790
1973790
1973790
1973790
100000000
100000000
100000000
100000000
100000000
100000000
100000000
100000000
100000000
1973790
1973790
2872619
2609447
1819931
833036
1973790
1973790
100000000
100000000
100000000
100000000
100000000
100000000
100000000
1973790
3004205
1293587
1688345
1622552
1096208
1359380
767243
2083103
1973790
100000000
100000000
100000000
100000000
100000000
100000000
1973790
1951517
701450
1293587
1973790
1973790
2477861
767243
2806826
1973790
100000000
100000000
100000000
100000000
100000000
1973790
2346275
1359380
1359380
1819931
1973790
1973790
1885724
2806826
1293587
1096208
1973790
100000000
100000000
100000000
100000000
1973790
2609447
3135791
1973790
1973790
1973790
1973790
1973790
1973790
2412068
2675240
1973790
100000000
100000000
100000000
100000000
1973790
3201584
1293587
1973790
1973790
1973790
1973790
1973790
1973790
2609447
1819931
1973790
100000000
100000000
100000000
100000000
1973790
2148896
2083103
2675240
1819931
1973790
1973790
1030415
2083103
2675240
1425173
1973790
100000000
100000000
100000000
100000000
100000000
1973790
3004205
3201584
3004205
1973790
1973790
3267377
2675240
2872619
1973790
100000000
100000000
100000000
100000000
100000000
1973790
1973790
833036
1490966
1096208
1951517
1359380
2543654
2806826
3135791
1973790
1973790
100000000
100000000
100000000
100000000
1973790
1973790
1973790
1973790
2543654
1885724
1688345
2280482
1973790
1973790
1973790
1973790
100000000
100000000
100000000
1973790
1973790
1973790
100000000
100000000
1973790
1973790
1973790
1973790
100000000
100000000
1973790
1973790
1973790
100000000
100000000
1973790
1973790
100000000
100000000
100000000
100000000
100000000
100000000
100000000
100000000
100000000
100000000
1973790
1973790
100000000
100000000
100000000
100000000
100000000
100000000
100000000
100000000
100000000
100000000
100000000
100000000
100000000
100000000
100000000
100000000
100000000
