100000000
100000000
100000000
100000000
100000000
100000000
100000000
1973790
1973790
100000000
100000000
100000000
100000000
100000000
100000000
100000000
100000000
100000000
100000000
100000000
100000000
100000000
1973790
1973790
1973790
1973790
100000000
100000000
100000000
100000000
100000000
100000000
100000000
100000000
100000000
100000000
100000000
1973790
1973790
1973790
1973790
1973790
1973790
100000000
100000000
100000000
100000000
100000000
100000000
100000000
100000000
100000000
1973790
1973790
3267377
701450
3201584
2412068
1973790
1973790
100000000
100000000
100000000
100000000
100000000
100000000
100000000
1973790
3069998
1622552
2741033
2214689
3201584
2017310
1030415
701450
1973790
100000000
100000000
100000000
100000000
100000000
100000000
1973790
3135791
3069998
3267377
3201584
1359380
767243
1162001
2148896
1973790
100000000
100000000
100000000
100000000
100000000
1973790
1359380
1885724
1973790
1973790
1973790
1973790
1973790
1973790
2806826
3201584
1973790
100000000
100000000
100000000
100000000
1973790
3201584
1688345
1973790
1973790
1973790
1973790
1973790
1973790
1293587
767243
1973790
100000000
100000000
100000000
100000000
1973790
1556759
964622
1951517
1973790
1973790
1973790
1973790
1096208
1030415
1293587
1973790
100000000
100000000
100000000
100000000
1973790
1556759
1359380
2741033
1622552
1973790
1973790
2477861
3069998
3267377
1556759
1973790
100000000
100000000
100000000
100000000
100000000
1973790
1885724
1359380
1973790
1973790
1973790
1973790
2543654
3267377
1973790
100000000
100000000
100000000
100000000
100000000
1973790
1973790
2412068
1754138
1885724
2346275
3069998
2675240
2214689
701450
1973790
1973790
100000000
100000000
100000000
100000000
1973790
1973790
1973790
1973790
1490966
833036
2083103
2280482
1973790
1973790
1973790
1973790
100000000
100000000
100000000
1973790
1973790
1973790
100000000
100000000
1973790
1973790
1973790
1973790
100000000
100000000
1973790
1973790
1973790
100000000
100000000
1973790
1973790
100000000
100000000
100000000
100000000
100000000
100000000
100000000
100000000
100000000
100000000
1973790
1973790
100000000
100000000
100000000
100000000
100000000
100000000
100000000
100000000
100000000
100000000
100000000
100000000
100000000
100000000
100000000
100000000
100000000
