100000000
100000000
100000000
100000000
100000000
100000000
100000000
1973790
1973790
100000000
100000000
100000000
100000000
100000000
100000000
100000000
100000000
100000000
100000000
100000000
100000000
100000000
1973790
1973790
1973790
1973790
100000000
100000000
100000000
100000000
100000000
100000000
100000000
100000000
100000000
100000000
100000000
1973790
1973790
1973790
1973790
1973790
1973790
100000000
100000000
100000000
100000000
100000000
100000000
100000000
100000000
100000000
1973790
1973790
2346275
2017310
1359380
1293587
1973790
1973790
100000000
100000000
100000000
100000000
100000000
100000000
100000000
1973790
767243
767243
1030415
1973790
1973790
2280482
2083103
3135791
1973790
100000000
100000000
100000000
100000000
100000000
100000000
1973790
3201584
1885724
1973790
1973790
1973790
1973790
1973790
2543654
1973790
100000000
100000000
100000000
100000000
100000000
1973790
2872619
1819931
2938412
1973790
1973790
1973790
1973790
1973790
1490966
1030415
1973790
100000000
100000000
100000000
100000000
1973790
2017310
1556759
2609447
2017310
1973790
1973790
2083103
3201584
1162001
1490966
1973790
100000000
100000000
100000000
100000000
1973790
3069998
1096208
2543654
1885724
1973790
1973790
1622552
1885724
1227794
2280482
1973790
100000000
100000000
100000000
100000000
1973790
1951517
2477861
1490966
1754138
1973790
1973790
3201584
2412068
1162001
767243
1973790
100000000
100000000
100000000
100000000
100000000
1973790
3004205
2806826
2083103
1973790
1973790
1227794
701450
1030415
1973790
100000000
100000000
100000000
100000000
100000000
1973790
1973790
2346275
1162001
2412068
1973790
1973790
1951517
1162001
3069998
1973790
1973790
100000000
100000000
100000000
100000000
1973790
1973790
1973790
1973790
1885724
1688345
1030415
1819931
1973790
1973790
1973790
1973790
100000000
100000000
100000000
1973790
1973790
1973790
100000000
100000000
1973790
1973790
1973790
1973790
100000000
100000000
1973790
1973790
1973790
100000000
100000000
1973790
1973790
100000000
100000000
100000000
100000000
100000000
100000000
100000000
100000000
100000000
100000000
1973790
1973790
100000000
100000000
100000000
100000000
100000000
100000000
100000000
100000000
100000000
100000000
100000000
100000000
100000000
100000000
100000000
100000000
100000000
