100000000
100000000
100000000
100000000
100000000
100000000
100000000
1973790
1973790
100000000
100000000
100000000
100000000
100000000
100000000
100000000
100000000
100000000
100000000
100000000
100000000
100000000
1973790
1973790
1973790
1973790
100000000
100000000
100000000
100000000
100000000
100000000
100000000
100000000
100000000
100000000
100000000
1973790
1973790
1973790
1973790
1973790
1973790
100000000
100000000
100000000
100000000
100000000
100000000
100000000
100000000
100000000
1973790
1973790
2060481
1205172
3310548
1402551
1973790
1973790
100000000
100000000
100000000
100000000
100000000
100000000
100000000
1973790
2652618
1599930
1994688
1973790
1973790
3113169
942000
3244755
1973790
100000000
100000000
100000000
100000000
100000000
100000000
1973790
2718411
1270965
1973790
1973790
1973790
1973790
1973790
942000
1973790
100000000
100000000
100000000
100000000
100000000
1973790
2915790
1468344
3113169
1973790
1973790
1973790
1973790
1973790
1205172
3113169
1973790
100000000
100000000
100000000
100000000
1973790
1270965
2718411
2126274
942000
1973790
1973790
1994688
2323653
2455239
3507927
1973790
100000000
100000000
100000000
100000000
1973790
2455239
942000
1205172
2784204
1973790
1973790
3376341
1599930
2389446
2192067
1973790
100000000
100000000
100000000
100000000
1973790
2784204
2455239
1139379
2981583
1973790
1973790
2652618
1731516
2652618
1863102
1973790
100000000
100000000
100000000
100000000
100000000
1973790
3113169
3047376
3507927
1973790
1973790
942000
1402551
2455239
1973790
100000000
100000000
100000000
100000000
100000000
1973790
1973790
2126274
2915790
1007793
1973790
1973790
2718411
3047376
2192067
1973790
1973790
100000000
100000000
100000000
100000000
1973790
1973790
1973790
1973790
2718411
2981583
1468344
2389446
1973790
1973790
1973790
1973790
100000000
100000000
100000000
1973790
1973790
1973790
100000000
100000000
1973790
1973790
1973790
1973790
100000000
100000000
1973790
1973790
1973790
100000000
100000000
1973790
1973790
100000000
100000000
100000000
100000000
100000000
100000000
100000000
100000000
100000000
100000000
1973790
1973790
100000000
100000000
100000000
100000000
100000000
100000000
100000000
100000000
100000000
100000000
100000000
100000000
100000000
100000000
100000000
100000000
100000000
