100000000
100000000
100000000
100000000
100000000
100000000
100000000
1973790
1973790
100000000
100000000
100000000
100000000
100000000
100000000
100000000
100000000
100000000
100000000
100000000
100000000
100000000
1973790
1973790
1973790
1973790
100000000
100000000
100000000
100000000
100000000
100000000
100000000
100000000
100000000
100000000
100000000
1973790
1973790
1973790
1973790
1973790
1973790
100000000
100000000
100000000
100000000
100000000
100000000
100000000
100000000
100000000
1973790
1973790
1468344
3047376
1336758
2323653
1973790
1973790
100000000
100000000
100000000
100000000
100000000
100000000
100000000
1973790
1973790
2718411
2257860
1402551
1599930
2389446
3310548
1973790
1973790
100000000
100000000
100000000
100000000
100000000
100000000
1973790
1205172
2257860
2652618
2981583
1468344
3376341
942000
3507927
1973790
100000000
100000000
100000000
100000000
100000000
1973790
2849997
2126274
1973790
1973790
2586825
3507927
1973790
1973790
1468344
1402551
1973790
100000000
100000000
100000000
100000000
1973790
2652618
1973790
2718411
1731516
1973790
1973790
2060481
942000
1973790
3047376
1973790
100000000
100000000
100000000
100000000
1973790
2981583
1973790
3507927
2126274
1973790
1973790
3113169
3244755
1973790
2784204
1973790
100000000
100000000
100000000
100000000
1973790
3442134
1402551
1973790
1973790
2060481
1928895
1973790
1973790
3507927
3507927
1973790
100000000
100000000
100000000
100000000
100000000
1973790
2060481
942000
1007793
1731516
1928895
942000
2652618
2389446
1973790
100000000
100000000
100000000
100000000
100000000
1973790
1973790
2192067
2192067
2849997
1731516
2915790
2718411
2060481
3310548
1973790
1973790
100000000
100000000
100000000
100000000
1973790
1973790
1973790
1973790
3047376
1928895
2718411
2586825
1973790
1973790
1973790
1973790
100000000
100000000
100000000
1973790
1973790
1973790
100000000
100000000
1973790
1973790
1973790
1973790
100000000
100000000
1973790
1973790
1973790
100000000
100000000
1973790
1973790
100000000
100000000
100000000
100000000
100000000
100000000
100000000
100000000
100000000
100000000
1973790
1973790
100000000
100000000
100000000
100000000
100000000
100000000
100000000
100000000
100000000
100000000
100000000
100000000
100000000
100000000
100000000
100000000
100000000
