100000000
100000000
100000000
100000000
100000000
100000000
100000000
1973790
1973790
100000000
100000000
100000000
100000000
100000000
100000000
100000000
100000000
100000000
100000000
100000000
100000000
100000000
1973790
1973790
1973790
1973790
100000000
100000000
100000000
100000000
100000000
100000000
100000000
100000000
100000000
100000000
100000000
1973790
1973790
1973790
1973790
1973790
1973790
100000000
100000000
100000000
100000000
100000000
100000000
100000000
100000000
100000000
1973790
1973790
1073586
3376341
1665723
3244755
1973790
1973790
100000000
100000000
100000000
100000000
100000000
100000000
100000000
1973790
3376341
1205172
3310548
2126274
3113169
3178962
3244755
2060481
1973790
100000000
100000000
100000000
100000000
100000000
100000000
1973790
2586825
3178962
1139379
1973790
1973790
3178962
2060481
2652618
1973790
100000000
100000000
100000000
100000000
100000000
1973790
2586825
2586825
1973790
1973790
1973790
1973790
1973790
1973790
2981583
1599930
1973790
100000000
100000000
100000000
100000000
1973790
1665723
1973790
2126274
1402551
1973790
1973790
1994688
1863102
1973790
1336758
1973790
100000000
100000000
100000000
100000000
1973790
2586825
2192067
2192067
1599930
1973790
1973790
1205172
1797309
1928895
1994688
1973790
100000000
100000000
100000000
100000000
1973790
2257860
1731516
3244755
3442134
1973790
1973790
1928895
2915790
1270965
942000
1973790
100000000
100000000
100000000
100000000
100000000
1973790
3178962
1665723
3310548
1973790
1973790
1402551
3376341
2455239
1973790
100000000
100000000
100000000
100000000
100000000
1973790
1973790
1928895
2389446
2652618
1973790
1973790
3376341
1139379
1863102
1973790
1973790
100000000
100000000
100000000
100000000
1973790
1973790
1973790
1973790
2323653
2257860
2784204
2060481
1973790
1973790
1973790
1973790
100000000
100000000
100000000
1973790
1973790
1973790
100000000
100000000
1973790
1973790
1973790
1973790
100000000
100000000
1973790
1973790
1973790
100000000
100000000
1973790
1973790
100000000
100000000
100000000
100000000
100000000
100000000
100000000
100000000
100000000
100000000
1973790
1973790
100000000
100000000
100000000
100000000
100000000
100000000
100000000
100000000
100000000
100000000
100000000
100000000
100000000
100000000
100000000
100000000
100000000
