100000000
100000000
100000000
100000000
100000000
100000000
100000000
1973790
1973790
100000000
100000000
100000000
100000000
100000000
100000000
100000000
100000000
100000000
100000000
100000000
100000000
100000000
1973790
1973790
1973790
1973790
100000000
100000000
100000000
100000000
100000000
100000000
100000000
100000000
100000000
100000000
100000000
1973790
1973790
1973790
1973790
1973790
1973790
100000000
100000000
100000000
100000000
100000000
100000000
100000000
100000000
100000000
1973790
1973790
1336758
3442134
1797309
1139379
1973790
1973790
100000000
100000000
100000000
100000000
100000000
100000000
100000000
1973790
1797309
1928895
1402551
3442134
1863102
1270965
3113169
1468344
1973790
100000000
100000000
100000000
100000000
100000000
100000000
1973790
1205172
2652618
2784204
3047376
1205172
2126274
2652618
1336758
1973790
100000000
100000000
100000000
100000000
100000000
1973790
2323653
3047376
2060481
1928895
3442134
1402551
1797309
2521032
1994688
2915790
1973790
100000000
100000000
100000000
100000000
1973790
3047376
3244755
1139379
1928895
1534137
2849997
3244755
1336758
1928895
1205172
1973790
100000000
100000000
100000000
100000000
1973790
2849997
3113169
942000
3310548
3244755
2784204
1863102
2586825
2323653
942000
1973790
100000000
100000000
100000000
100000000
1973790
1007793
2915790
2257860
1139379
2389446
2323653
2126274
1336758
1994688
2652618
1973790
100000000
100000000
100000000
100000000
100000000
1973790
2849997
2981583
1665723
3442134
1994688
1599930
3113169
2981583
1973790
100000000
100000000
100000000
100000000
100000000
1973790
1973790
2784204
1139379
2126274
2126274
2915790
2849997
2257860
1994688
1973790
1973790
100000000
100000000
100000000
100000000
1973790
1973790
1973790
1973790
2521032
942000
3047376
1665723
1973790
1973790
1973790
1973790
100000000
100000000
100000000
1973790
1973790
1973790
100000000
100000000
1973790
1973790
1973790
1973790
100000000
100000000
1973790
1973790
1973790
100000000
100000000
1973790
1973790
100000000
100000000
100000000
100000000
100000000
100000000
100000000
100000000
100000000
100000000
1973790
1973790
100000000
100000000
100000000
100000000
100000000
100000000
100000000
100000000
100000000
100000000
100000000
100000000
100000000
100000000
100000000
100000000
100000000
