100000000
100000000
100000000
100000000
100000000
100000000
100000000
1973790
1973790
100000000
100000000
100000000
100000000
100000000
100000000
100000000
100000000
100000000
100000000
100000000
100000000
100000000
1973790
1973790
1973790
1973790
100000000
100000000
100000000
100000000
100000000
100000000
100000000
100000000
100000000
100000000
100000000
1973790
1973790
1973790
1973790
1973790
1973790
100000000
100000000
100000000
100000000
100000000
100000000
100000000
100000000
100000000
1973790
1973790
2521032
3442134
1534137
2060481
1973790
1973790
100000000
100000000
100000000
100000000
100000000
100000000
100000000
1973790
1994688
1336758
3310548
2257860
2257860
2192067
2455239
3442134
1973790
100000000
100000000
100000000
100000000
100000000
100000000
1973790
2784204
2323653
2849997
1973790
1973790
1928895
1336758
2652618
1973790
100000000
100000000
100000000
100000000
100000000
1973790
2849997
1402551
3113169
3507927
1973790
1973790
1599930
2060481
1534137
1468344
1973790
100000000
100000000
100000000
100000000
1973790
942000
2257860
1973790
1973790
1973790
1973790
1973790
1973790
2257860
2981583
1973790
100000000
100000000
100000000
100000000
1973790
3376341
2257860
1973790
1973790
1973790
1973790
1973790
1973790
2257860
3113169
1973790
100000000
100000000
100000000
100000000
1973790
1205172
3442134
1468344
3047376
1973790
1973790
3507927
3047376
3047376
2981583
1973790
100000000
100000000
100000000
100000000
100000000
1973790
2257860
1270965
2586825
1973790
1973790
3507927
2652618
3047376
1973790
100000000
100000000
100000000
100000000
100000000
1973790
1973790
2060481
1994688
1402551
2257860
2257860
1139379
2060481
2521032
1973790
1973790
100000000
100000000
100000000
100000000
1973790
1973790
1973790
1973790
2126274
1336758
1270965
3376341
1973790
1973790
1973790
1973790
100000000
100000000
100000000
1973790
1973790
1973790
100000000
100000000
1973790
1973790
1973790
1973790
100000000
100000000
1973790
1973790
1973790
100000000
100000000
1973790
1973790
100000000
100000000
100000000
100000000
100000000
100000000
100000000
100000000
100000000
100000000
1973790
1973790
100000000
100000000
100000000
100000000
100000000
100000000
100000000
100000000
100000000
100000000
100000000
100000000
100000000
100000000
100000000
100000000
100000000
