100000000
100000000
100000000
100000000
100000000
100000000
100000000
1973790
1973790
100000000
100000000
100000000
100000000
100000000
100000000
100000000
100000000
100000000
100000000
100000000
100000000
100000000
1973790
1973790
1973790
1973790
100000000
100000000
100000000
100000000
100000000
100000000
100000000
100000000
100000000
100000000
100000000
1973790
1973790
1973790
1973790
1973790
1973790
100000000
100000000
100000000
100000000
100000000
100000000
100000000
100000000
100000000
1973790
1973790
2652618
1270965
1797309
2849997
1973790
1973790
100000000
100000000
100000000
100000000
100000000
100000000
100000000
1973790
2849997
1731516
3376341
942000
1336758
1994688
2060481
3507927
1973790
100000000
100000000
100000000
100000000
100000000
100000000
1973790
1665723
1336758
1973790
1973790
1973790
1973790
2652618
1073586
1973790
100000000
100000000
100000000
100000000
100000000
1973790
2257860
3507927
1336758
1336758
1973790
1973790
2718411
2784204
1863102
2060481
1973790
100000000
100000000
100000000
100000000
1973790
2257860
1007793
2718411
1973790
1599930
1270965
1973790
1928895
2060481
3310548
1973790
100000000
100000000
100000000
100000000
1973790
2521032
1534137
1973790
2192067
1336758
2323653
1468344
1973790
1205172
2126274
1973790
100000000
100000000
100000000
100000000
1973790
1336758
1205172
1973790
1139379
2126274
1402551
3442134
1973790
2652618
3113169
1973790
100000000
100000000
100000000
100000000
100000000
1973790
2126274
1973790
1973790
1973790
1973790
1973790
1973790
1007793
1973790
100000000
100000000
100000000
100000000
100000000
1973790
1973790
3047376
1073586
1468344
3244755
1336758
3047376
3507927
2192067
1973790
1973790
100000000
100000000
100000000
100000000
1973790
1973790
1973790
1973790
1205172
1928895
1731516
2849997
1973790
1973790
1973790
1973790
100000000
100000000
100000000
1973790
1973790
1973790
100000000
100000000
1973790
1973790
1973790
1973790
100000000
100000000
1973790
1973790
1973790
100000000
100000000
1973790
1973790
100000000
100000000
100000000
100000000
100000000
100000000
100000000
100000000
100000000
100000000
1973790
1973790
100000000
100000000
100000000
100000000
100000000
100000000
100000000
100000000
100000000
100000000
100000000
100000000
100000000
100000000
100000000
100000000
100000000
