100000000
100000000
100000000
100000000
100000000
100000000
100000000
1973790
1973790
100000000
100000000
100000000
100000000
100000000
100000000
100000000
100000000
100000000
100000000
100000000
100000000
100000000
1973790
1973790
1973790
1973790
100000000
100000000
100000000
100000000
100000000
100000000
100000000
100000000
100000000
100000000
100000000
1973790
1973790
1973790
1973790
1973790
1973790
100000000
100000000
100000000
100000000
100000000
100000000
100000000
100000000
100000000
1973790
1973790
2915790
1007793
3310548
1863102
1973790
1973790
100000000
100000000
100000000
100000000
100000000
100000000
100000000
1973790
3178962
1928895
1928895
2126274
1205172
2323653
1731516
2718411
1973790
100000000
100000000
100000000
100000000
100000000
100000000
1973790
2126274
1205172
3442134
2323653
1007793
1007793
2718411
1797309
1973790
100000000
100000000
100000000
100000000
100000000
1973790
2849997
1665723
1973790
1973790
1973790
1973790
1973790
1973790
2060481
2192067
1973790
100000000
100000000
100000000
100000000
1973790
1994688
2718411
1973790
1973790
1973790
1973790
1973790
1973790
1270965
1402551
1973790
100000000
100000000
100000000
100000000
1973790
2784204
1205172
1731516
1973790
1973790
1973790
1973790
2652618
1270965
1270965
1973790
100000000
100000000
100000000
100000000
1973790
1994688
1336758
2060481
3113169
1973790
1973790
2257860
1270965
1468344
1534137
1973790
100000000
100000000
100000000
100000000
100000000
1973790
3244755
2323653
1973790
1973790
1973790
1973790
1468344
1007793
1973790
100000000
100000000
100000000
100000000
100000000
1973790
1973790
2323653
1665723
2389446
1665723
1073586
3244755
942000
942000
1973790
1973790
100000000
100000000
100000000
100000000
1973790
1973790
1973790
1973790
1731516
1994688
2126274
2915790
1973790
1973790
1973790
1973790
100000000
100000000
100000000
1973790
1973790
1973790
100000000
100000000
1973790
1973790
1973790
1973790
100000000
100000000
1973790
1973790
1973790
100000000
100000000
1973790
1973790
100000000
100000000
100000000
100000000
100000000
100000000
100000000
100000000
100000000
100000000
1973790
1973790
100000000
100000000
100000000
100000000
100000000
100000000
100000000
100000000
100000000
100000000
100000000
100000000
100000000
100000000
100000000
100000000
100000000
