100000000
100000000
100000000
100000000
100000000
100000000
100000000
1973790
1973790
100000000
100000000
100000000
100000000
100000000
100000000
100000000
100000000
100000000
100000000
100000000
100000000
100000000
1973790
1973790
1973790
1973790
100000000
100000000
100000000
100000000
100000000
100000000
100000000
100000000
100000000
100000000
100000000
1973790
1973790
1973790
1973790
1973790
1973790
100000000
100000000
100000000
100000000
100000000
100000000
100000000
100000000
100000000
1973790
1973790
1336758
3442134
1797309
1139379
1973790
1973790
100000000
100000000
100000000
100000000
100000000
100000000
100000000
1973790
1797309
1928895
1402551
1973790
1973790
1270965
3113169
1468344
1973790
100000000
100000000
100000000
100000000
100000000
100000000
1973790
1205172
3507927
1973790
2389446
942000
1973790
3310548
1336758
1973790
100000000
100000000
100000000
100000000
100000000
1973790
2323653
3047376
3376341
1973790
1205172
1007793
1973790
2849997
1994688
2915790
1973790
100000000
100000000
100000000
100000000
1973790
3047376
3244755
1139379
2060481
1973790
1973790
942000
1336758
1928895
1205172
1973790
100000000
100000000
100000000
100000000
1973790
2849997
3113169
942000
1599930
1973790
1973790
3310548
2586825
2323653
942000
1973790
100000000
100000000
100000000
100000000
1973790
1007793
2915790
2257860
2389446
1973790
1973790
1863102
1336758
1994688
2652618
1973790
100000000
100000000
100000000
100000000
100000000
1973790
2849997
2981583
3442134
1973790
1973790
3376341
3113169
2981583
1973790
100000000
100000000
100000000
100000000
100000000
1973790
1973790
2784204
1139379
2126274
1973790
1973790
2849997
2257860
1994688
1973790
1973790
100000000
100000000
100000000
100000000
1973790
1973790
1973790
1973790
2521032
942000
3047376
1665723
1973790
1973790
1973790
1973790
100000000
100000000
100000000
1973790
1973790
1973790
100000000
100000000
1973790
1973790
1973790
1973790
100000000
100000000
1973790
1973790
1973790
100000000
100000000
1973790
1973790
100000000
100000000
100000000
100000000
100000000
100000000
100000000
100000000
100000000
100000000
1973790
1973790
100000000
100000000
100000000
100000000
100000000
100000000
100000000
100000000
100000000
100000000
100000000
100000000
100000000
100000000
100000000
100000000
100000000
