100000000
100000000
100000000
100000000
100000000
100000000
100000000
1973790
1973790
100000000
100000000
100000000
100000000
100000000
100000000
100000000
100000000
100000000
100000000
100000000
100000000
100000000
1973790
1973790
1973790
1973790
100000000
100000000
100000000
100000000
100000000
100000000
100000000
100000000
100000000
100000000
100000000
1973790
1973790
1973790
1973790
1973790
1973790
100000000
100000000
100000000
100000000
100000000
100000000
100000000
100000000
100000000
1973790
1973790
13575461
13049117
13312289
12720152
1973790
1973790
100000000
100000000
100000000
100000000
100000000
100000000
100000000
1973790
12720152
13772840
12193808
1973790
1973790
13378082
13180703
14233391
1973790
100000000
100000000
100000000
100000000
100000000
100000000
1973790
11930636
12720152
1973790
1973790
1973790
1973790
1973790
14233391
1973790
100000000
100000000
100000000
100000000
100000000
1973790
12259601
14299184
11996429
1973790
1973790
1973790
1973790
1973790
11996429
13641254
1973790
100000000
100000000
100000000
100000000
1973790
14101805
12062222
12720152
14036012
1973790
1973790
12785945
13772840
13246496
14233391
1973790
100000000
100000000
100000000
100000000
1973790
11930636
11799050
13312289
14364977
1973790
1973790
14101805
12193808
13838633
13772840
1973790
100000000
100000000
100000000
100000000
1973790
13443875
12193808
14167598
13575461
1973790
1973790
13509668
13509668
12785945
12851738
1973790
100000000
100000000
100000000
100000000
100000000
1973790
13180703
13707047
13378082
1973790
1973790
12128015
13443875
13509668
1973790
100000000
100000000
100000000
100000000
100000000
1973790
1973790
11799050
12128015
14036012
1973790
1973790
14036012
13575461
13049117
1973790
1973790
100000000
100000000
100000000
100000000
1973790
1973790
1973790
1973790
14036012
12917531
13707047
14364977
1973790
1973790
1973790
1973790
100000000
100000000
100000000
1973790
1973790
1973790
100000000
100000000
1973790
1973790
1973790
1973790
100000000
100000000
1973790
1973790
1973790
100000000
100000000
1973790
1973790
100000000
100000000
100000000
100000000
100000000
100000000
100000000
100000000
100000000
100000000
1973790
1973790
100000000
100000000
100000000
100000000
100000000
100000000
100000000
100000000
100000000
100000000
100000000
100000000
100000000
100000000
100000000
100000000
100000000
