100000000
100000000
100000000
100000000
100000000
100000000
100000000
1973790
1973790
100000000
100000000
100000000
100000000
100000000
100000000
100000000
100000000
100000000
100000000
100000000
100000000
100000000
1973790
1973790
1973790
1973790
100000000
100000000
100000000
100000000
100000000
100000000
100000000
100000000
100000000
100000000
100000000
1973790
1973790
1973790
1973790
1973790
1973790
100000000
100000000
100000000
100000000
100000000
100000000
100000000
100000000
100000000
1973790
1973790
12785945
12720152
12259601
13904426
1973790
1973790
100000000
100000000
100000000
100000000
100000000
100000000
100000000
1973790
13443875
13049117
13443875
12785945
12917531
13575461
13772840
13838633
1973790
100000000
100000000
100000000
100000000
100000000
100000000
1973790
13575461
12391187
11799050
1973790
1973790
13180703
12917531
12654359
1973790
100000000
100000000
100000000
100000000
100000000
1973790
14101805
11996429
1973790
1973790
1973790
1973790
1973790
1973790
13641254
13443875
1973790
100000000
100000000
100000000
100000000
1973790
12720152
1973790
12522773
11799050
1973790
1973790
12128015
13114910
1973790
13904426
1973790
100000000
100000000
100000000
100000000
1973790
11930636
12785945
14036012
12456980
1973790
1973790
12851738
12456980
12522773
12720152
1973790
100000000
100000000
100000000
100000000
1973790
13707047
13114910
13509668
13641254
1973790
1973790
13838633
13707047
13246496
12325394
1973790
100000000
100000000
100000000
100000000
100000000
1973790
12391187
13772840
13378082
1973790
1973790
13246496
14299184
11799050
1973790
100000000
100000000
100000000
100000000
100000000
1973790
1973790
13641254
14299184
13114910
1973790
1973790
11930636
13641254
12259601
1973790
1973790
100000000
100000000
100000000
100000000
1973790
1973790
1973790
1973790
14101805
13970219
12983324
14364977
1973790
1973790
1973790
1973790
100000000
100000000
100000000
1973790
1973790
1973790
100000000
100000000
1973790
1973790
1973790
1973790
100000000
100000000
1973790
1973790
1973790
100000000
100000000
1973790
1973790
100000000
100000000
100000000
100000000
100000000
100000000
100000000
100000000
100000000
100000000
1973790
1973790
100000000
100000000
100000000
100000000
100000000
100000000
100000000
100000000
100000000
100000000
100000000
100000000
100000000
100000000
100000000
100000000
100000000
