100000000
100000000
100000000
100000000
100000000
100000000
100000000
1973790
1973790
100000000
100000000
100000000
100000000
100000000
100000000
100000000
100000000
100000000
100000000
100000000
100000000
100000000
1973790
1973790
1973790
1973790
100000000
100000000
100000000
100000000
100000000
100000000
100000000
100000000
100000000
100000000
100000000
1973790
1973790
1973790
1973790
1973790
1973790
100000000
100000000
100000000
100000000
100000000
100000000
100000000
100000000
100000000
1973790
1973790
14101805
12851738
13378082
13575461
1973790
1973790
100000000
100000000
100000000
100000000
100000000
100000000
100000000
1973790
12193808
12062222
14101805
13114910
14036012
12785945
12193808
13970219
1973790
100000000
100000000
100000000
100000000
100000000
100000000
1973790
12522773
12588566
11864843
12983324
12654359
12456980
13904426
14233391
1973790
100000000
100000000
100000000
100000000
100000000
1973790
14101805
13378082
1973790
1973790
1973790
1973790
1973790
1973790
12456980
13509668
1973790
100000000
100000000
100000000
100000000
1973790
14364977
12720152
1973790
1973790
1973790
1973790
1973790
1973790
13114910
13509668
1973790
100000000
100000000
100000000
100000000
1973790
13049117
12917531
14299184
1973790
1973790
1973790
1973790
13049117
12851738
12917531
1973790
100000000
100000000
100000000
100000000
1973790
13443875
11996429
13246496
12588566
1973790
1973790
14101805
13707047
14036012
12851738
1973790
100000000
100000000
100000000
100000000
100000000
1973790
12983324
11864843
1973790
1973790
1973790
1973790
14036012
13443875
1973790
100000000
100000000
100000000
100000000
100000000
1973790
1973790
13246496
14036012
13641254
12983324
13049117
12193808
12851738
13378082
1973790
1973790
100000000
100000000
100000000
100000000
1973790
1973790
1973790
1973790
12654359
12128015
14299184
13180703
1973790
1973790
1973790
1973790
100000000
100000000
100000000
1973790
1973790
1973790
100000000
100000000
1973790
1973790
1973790
1973790
100000000
100000000
1973790
1973790
1973790
100000000
100000000
1973790
1973790
100000000
100000000
100000000
100000000
100000000
100000000
100000000
100000000
100000000
100000000
1973790
1973790
100000000
100000000
100000000
100000000
100000000
100000000
100000000
100000000
100000000
100000000
100000000
100000000
100000000
100000000
100000000
100000000
100000000
