100000000
100000000
100000000
100000000
100000000
100000000
100000000
1973790
1973790
100000000
100000000
100000000
100000000
100000000
100000000
100000000
100000000
100000000
100000000
100000000
100000000
100000000
1973790
1973790
1973790
1973790
100000000
100000000
100000000
100000000
100000000
100000000
100000000
100000000
100000000
100000000
100000000
1973790
1973790
1973790
1973790
1973790
1973790
100000000
100000000
100000000
100000000
100000000
100000000
100000000
100000000
100000000
1973790
1973790
12456980
13180703
13246496
13246496
1973790
1973790
100000000
100000000
100000000
100000000
100000000
100000000
100000000
1973790
11996429
13904426
13707047
1973790
1973790
12325394
13707047
12193808
1973790
100000000
100000000
100000000
100000000
100000000
100000000
1973790
13378082
1973790
1973790
1973790
1973790
1973790
1973790
11864843
1973790
100000000
100000000
100000000
100000000
100000000
1973790
14036012
12062222
1973790
1973790
1973790
1973790
1973790
1973790
13246496
11799050
1973790
100000000
100000000
100000000
100000000
1973790
12720152
13180703
1973790
1973790
1973790
1973790
1973790
1973790
13772840
12391187
1973790
100000000
100000000
100000000
100000000
1973790
11930636
13904426
1973790
1973790
1973790
1973790
1973790
1973790
13838633
14299184
1973790
100000000
100000000
100000000
100000000
1973790
12983324
13114910
1973790
1973790
1973790
1973790
1973790
1973790
13707047
12456980
1973790
100000000
100000000
100000000
100000000
100000000
1973790
12851738
13049117
1973790
1973790
1973790
1973790
14167598
12325394
1973790
100000000
100000000
100000000
100000000
100000000
1973790
1973790
14036012
13378082
13575461
1973790
1973790
12325394
13641254
14167598
1973790
1973790
100000000
100000000
100000000
100000000
1973790
1973790
1973790
1973790
11799050
13312289
11864843
13049117
1973790
1973790
1973790
1973790
100000000
100000000
100000000
1973790
1973790
1973790
100000000
100000000
1973790
1973790
1973790
1973790
100000000
100000000
1973790
1973790
1973790
100000000
100000000
1973790
1973790
100000000
100000000
100000000
100000000
100000000
100000000
100000000
100000000
100000000
100000000
1973790
1973790
100000000
100000000
100000000
100000000
100000000
100000000
100000000
100000000
100000000
100000000
100000000
100000000
100000000
100000000
100000000
100000000
100000000
