100000000
100000000
100000000
100000000
100000000
100000000
100000000
1973790
1973790
100000000
100000000
100000000
100000000
100000000
100000000
100000000
100000000
100000000
100000000
100000000
100000000
100000000
1973790
1973790
1973790
1973790
100000000
100000000
100000000
100000000
100000000
100000000
100000000
100000000
100000000
100000000
100000000
1973790
1973790
1973790
1973790
1973790
1973790
100000000
100000000
100000000
100000000
100000000
100000000
100000000
100000000
100000000
1973790
1973790
13509668
12785945
13772840
12325394
1973790
1973790
100000000
100000000
100000000
100000000
100000000
100000000
100000000
1973790
1973790
13575461
12917531
14233391
13509668
12785945
12259601
1973790
1973790
100000000
100000000
100000000
100000000
100000000
100000000
1973790
12062222
12325394
14167598
12917531
12785945
14233391
13114910
12983324
1973790
100000000
100000000
100000000
100000000
100000000
1973790
11930636
13114910
1973790
1973790
13707047
13509668
1973790
1973790
12917531
11799050
1973790
100000000
100000000
100000000
100000000
1973790
13312289
1973790
12391187
13246496
1973790
1973790
12588566
12193808
1973790
14167598
1973790
100000000
100000000
100000000
100000000
1973790
13509668
1973790
14364977
14299184
1973790
1973790
13904426
12785945
1973790
13378082
1973790
100000000
100000000
100000000
100000000
1973790
12720152
13575461
1973790
1973790
12917531
13838633
1973790
1973790
12259601
12128015
1973790
100000000
100000000
100000000
100000000
100000000
1973790
12193808
13378082
13970219
14233391
12259601
13312289
12851738
14036012
1973790
100000000
100000000
100000000
100000000
100000000
1973790
1973790
13180703
13378082
13509668
13838633
13049117
12720152
12522773
13904426
1973790
1973790
100000000
100000000
100000000
100000000
1973790
1973790
1973790
1973790
13838633
13509668
13443875
11799050
1973790
1973790
1973790
1973790
100000000
100000000
100000000
1973790
1973790
1973790
100000000
100000000
1973790
1973790
1973790
1973790
100000000
100000000
1973790
1973790
1973790
100000000
100000000
1973790
1973790
100000000
100000000
100000000
100000000
100000000
100000000
100000000
100000000
100000000
100000000
1973790
1973790
100000000
100000000
100000000
100000000
100000000
100000000
100000000
100000000
100000000
100000000
100000000
100000000
100000000
100000000
100000000
100000000
100000000
