100000000
100000000
100000000
100000000
100000000
100000000
100000000
1973790
1973790
100000000
100000000
100000000
100000000
100000000
100000000
100000000
100000000
100000000
100000000
100000000
100000000
100000000
1973790
1973790
1973790
1973790
100000000
100000000
100000000
100000000
100000000
100000000
100000000
100000000
100000000
100000000
100000000
1973790
1973790
1973790
1973790
1973790
1973790
100000000
100000000
100000000
100000000
100000000
100000000
100000000
100000000
100000000
1973790
1973790
12128015
13246496
12259601
12785945
1973790
1973790
100000000
100000000
100000000
100000000
100000000
100000000
100000000
1973790
14167598
13114910
14167598
1973790
1973790
13838633
13312289
12259601
1973790
100000000
100000000
100000000
100000000
100000000
100000000
1973790
14299184
13838633
1973790
12062222
13970219
1973790
13707047
11996429
1973790
100000000
100000000
100000000
100000000
100000000
1973790
12720152
13904426
12522773
1973790
12391187
12128015
1973790
11799050
12259601
12193808
1973790
100000000
100000000
100000000
100000000
1973790
13970219
13772840
13641254
11864843
1973790
1973790
14101805
14364977
11996429
12062222
1973790
100000000
100000000
100000000
100000000
1973790
14036012
13114910
11799050
13114910
1973790
1973790
12654359
13575461
13246496
11996429
1973790
100000000
100000000
100000000
100000000
1973790
14364977
14101805
11930636
13312289
1973790
1973790
13312289
12325394
13707047
14233391
1973790
100000000
100000000
100000000
100000000
100000000
1973790
12128015
14364977
14167598
1973790
1973790
12391187
14299184
13970219
1973790
100000000
100000000
100000000
100000000
100000000
1973790
1973790
11930636
13049117
13312289
1973790
1973790
12391187
13443875
12259601
1973790
1973790
100000000
100000000
100000000
100000000
1973790
1973790
1973790
1973790
14101805
13246496
13772840
12325394
1973790
1973790
1973790
1973790
100000000
100000000
100000000
1973790
1973790
1973790
100000000
100000000
1973790
1973790
1973790
1973790
100000000
100000000
1973790
1973790
1973790
100000000
100000000
1973790
1973790
100000000
100000000
100000000
100000000
100000000
100000000
100000000
100000000
100000000
100000000
1973790
1973790
100000000
100000000
100000000
100000000
100000000
100000000
100000000
100000000
100000000
100000000
100000000
100000000
100000000
100000000
100000000
100000000
100000000
