100000000
100000000
100000000
100000000
100000000
100000000
100000000
1973790
1973790
100000000
100000000
100000000
100000000
100000000
100000000
100000000
100000000
100000000
100000000
100000000
100000000
100000000
1973790
1973790
1973790
1973790
100000000
100000000
100000000
100000000
100000000
100000000
100000000
100000000
100000000
100000000
100000000
1973790
1973790
1973790
1973790
1973790
1973790
100000000
100000000
100000000
100000000
100000000
100000000
100000000
100000000
100000000
1973790
1973790
12193808
12720152
13575461
13246496
1973790
1973790
100000000
100000000
100000000
100000000
100000000
100000000
100000000
1973790
12851738
13575461
12522773
1973790
1973790
12062222
13970219
12391187
1973790
100000000
100000000
100000000
100000000
100000000
100000000
1973790
13180703
13904426
13575461
1973790
1973790
12193808
13443875
13312289
1973790
100000000
100000000
100000000
100000000
100000000
1973790
13114910
13970219
12391187
13312289
1973790
1973790
12325394
13509668
13707047
12062222
1973790
100000000
100000000
100000000
100000000
1973790
11996429
12193808
12720152
12654359
1973790
1973790
12062222
12128015
13509668
11799050
1973790
100000000
100000000
100000000
100000000
1973790
14036012
14364977
11864843
12193808
1973790
1973790
13970219
12062222
13904426
13838633
1973790
100000000
100000000
100000000
100000000
1973790
14364977
12193808
13772840
1973790
1973790
1973790
1973790
13641254
11799050
13312289
1973790
100000000
100000000
100000000
100000000
100000000
1973790
12983324
11996429
13114910
1973790
1973790
13641254
12522773
12391187
1973790
100000000
100000000
100000000
100000000
100000000
1973790
1973790
12851738
12391187
12983324
1973790
1973790
12193808
14167598
12983324
1973790
1973790
100000000
100000000
100000000
100000000
1973790
1973790
1973790
1973790
14101805
12522773
12983324
12259601
1973790
1973790
1973790
1973790
100000000
100000000
100000000
1973790
1973790
1973790
100000000
100000000
1973790
1973790
1973790
1973790
100000000
100000000
1973790
1973790
1973790
100000000
100000000
1973790
1973790
100000000
100000000
100000000
100000000
100000000
100000000
100000000
100000000
100000000
100000000
1973790
1973790
100000000
100000000
100000000
100000000
100000000
100000000
100000000
100000000
100000000
100000000
100000000
100000000
100000000
100000000
100000000
100000000
100000000
