100000000
100000000
100000000
100000000
100000000
100000000
100000000
1973790
1973790
100000000
100000000
100000000
100000000
100000000
100000000
100000000
100000000
100000000
100000000
100000000
100000000
100000000
1973790
1973790
1973790
1973790
100000000
100000000
100000000
100000000
100000000
100000000
100000000
100000000
100000000
100000000
100000000
1973790
1973790
1973790
1973790
1973790
1973790
100000000
100000000
100000000
100000000
100000000
100000000
100000000
100000000
100000000
1973790
1973790
11930636
11930636
12522773
13970219
1973790
1973790
100000000
100000000
100000000
100000000
100000000
100000000
100000000
1973790
12456980
12259601
12785945
11930636
12193808
12391187
13246496
12851738
1973790
100000000
100000000
100000000
100000000
100000000
100000000
1973790
12522773
12785945
1973790
1973790
1973790
1973790
13049117
12456980
1973790
100000000
100000000
100000000
100000000
100000000
1973790
14233391
13049117
13509668
12588566
1973790
1973790
12983324
12983324
12588566
13772840
1973790
100000000
100000000
100000000
100000000
1973790
14036012
12259601
13575461
1973790
13246496
14364977
1973790
13772840
12456980
14036012
1973790
100000000
100000000
100000000
100000000
1973790
13772840
13049117
1973790
12851738
11799050
11996429
12193808
1973790
11930636
14364977
1973790
100000000
100000000
100000000
100000000
1973790
13575461
13772840
1973790
13575461
13443875
12128015
11864843
1973790
13838633
13378082
1973790
100000000
100000000
100000000
100000000
100000000
1973790
12588566
1973790
1973790
1973790
1973790
1973790
1973790
13838633
1973790
100000000
100000000
100000000
100000000
100000000
1973790
1973790
12522773
12128015
13180703
13049117
13378082
12193808
11864843
12720152
1973790
1973790
100000000
100000000
100000000
100000000
1973790
1973790
1973790
1973790
13378082
12522773
12983324
14364977
1973790
1973790
1973790
1973790
100000000
100000000
100000000
1973790
1973790
1973790
100000000
100000000
1973790
1973790
1973790
1973790
100000000
100000000
1973790
1973790
1973790
100000000
100000000
1973790
1973790
100000000
100000000
100000000
100000000
100000000
100000000
100000000
100000000
100000000
100000000
1973790
1973790
100000000
100000000
100000000
100000000
100000000
100000000
100000000
100000000
100000000
100000000
100000000
100000000
100000000
100000000
100000000
100000000
100000000
