100000000
100000000
100000000
100000000
100000000
100000000
100000000
1973790
1973790
100000000
100000000
100000000
100000000
100000000
100000000
100000000
100000000
100000000
100000000
100000000
100000000
100000000
1973790
1973790
1973790
1973790
100000000
100000000
100000000
100000000
100000000
100000000
100000000
100000000
100000000
100000000
100000000
1973790
1973790
1973790
1973790
1973790
1973790
100000000
100000000
100000000
100000000
100000000
100000000
100000000
100000000
100000000
1973790
1973790
13114910
12983324
14101805
13838633
1973790
1973790
100000000
100000000
100000000
100000000
100000000
100000000
100000000
1973790
13378082
12456980
12785945
13707047
12917531
13904426
13970219
12917531
1973790
100000000
100000000
100000000
100000000
100000000
100000000
1973790
13114910
11996429
11930636
1973790
1973790
13049117
12391187
12785945
1973790
100000000
100000000
100000000
100000000
100000000
1973790
13772840
13904426
12325394
12193808
1973790
1973790
12588566
11799050
12917531
13509668
1973790
100000000
100000000
100000000
100000000
1973790
13707047
11864843
1973790
1973790
1973790
1973790
1973790
1973790
11799050
14364977
1973790
100000000
100000000
100000000
100000000
1973790
12851738
11864843
1973790
1973790
1973790
1973790
1973790
1973790
12128015
12325394
1973790
100000000
100000000
100000000
100000000
1973790
13443875
12259601
12983324
12654359
1973790
1973790
13707047
12588566
12785945
13509668
1973790
100000000
100000000
100000000
100000000
100000000
1973790
12325394
13180703
11864843
1973790
1973790
12588566
13838633
13575461
1973790
100000000
100000000
100000000
100000000
100000000
1973790
1973790
14233391
13509668
14364977
12259601
13970219
12193808
12522773
14101805
1973790
1973790
100000000
100000000
100000000
100000000
1973790
1973790
1973790
1973790
13707047
11996429
12785945
12062222
1973790
1973790
1973790
1973790
100000000
100000000
100000000
1973790
1973790
1973790
100000000
100000000
1973790
1973790
1973790
1973790
100000000
100000000
1973790
1973790
1973790
100000000
100000000
1973790
1973790
100000000
100000000
100000000
100000000
100000000
100000000
100000000
100000000
100000000
100000000
1973790
1973790
100000000
100000000
100000000
100000000
100000000
100000000
100000000
100000000
100000000
100000000
100000000
100000000
100000000
100000000
100000000
100000000
100000000
