100000000
100000000
100000000
100000000
100000000
100000000
100000000
1973790
1973790
100000000
100000000
100000000
100000000
100000000
100000000
100000000
100000000
100000000
100000000
100000000
100000000
100000000
1973790
1973790
1973790
1973790
100000000
100000000
100000000
100000000
100000000
100000000
100000000
100000000
100000000
100000000
100000000
1973790
1973790
1973790
1973790
1973790
1973790
100000000
100000000
100000000
100000000
100000000
100000000
100000000
100000000
100000000
1973790
1973790
13378082
12720152
11864843
13114910
1973790
1973790
100000000
100000000
100000000
100000000
100000000
100000000
100000000
1973790
12983324
12259601
11799050
1973790
1973790
13509668
14036012
12456980
1973790
100000000
100000000
100000000
100000000
100000000
100000000
1973790
13114910
13707047
14101805
1973790
1973790
14233391
14036012
12259601
1973790
100000000
100000000
100000000
100000000
100000000
1973790
13641254
14233391
1973790
1973790
1973790
1973790
1973790
1973790
14364977
13970219
1973790
100000000
100000000
100000000
100000000
1973790
14167598
1973790
12720152
14101805
1973790
1973790
14167598
12522773
1973790
13509668
1973790
100000000
100000000
100000000
100000000
1973790
11930636
1973790
1973790
1973790
1973790
1973790
1973790
1973790
1973790
12259601
1973790
100000000
100000000
100000000
100000000
1973790
12785945
12522773
13641254
11996429
1973790
1973790
12391187
12720152
12391187
12325394
1973790
100000000
100000000
100000000
100000000
100000000
1973790
13509668
12456980
1973790
12785945
14299184
1973790
11930636
12720152
1973790
100000000
100000000
100000000
100000000
100000000
1973790
1973790
12720152
14167598
12193808
12259601
13312289
13838633
14299184
12325394
1973790
1973790
100000000
100000000
100000000
100000000
1973790
1973790
1973790
1973790
12720152
14167598
13707047
12654359
1973790
1973790
1973790
1973790
100000000
100000000
100000000
1973790
1973790
1973790
100000000
100000000
1973790
1973790
1973790
1973790
100000000
100000000
1973790
1973790
1973790
100000000
100000000
1973790
1973790
100000000
100000000
100000000
100000000
100000000
100000000
100000000
100000000
100000000
100000000
1973790
1973790
100000000
100000000
100000000
100000000
100000000
100000000
100000000
100000000
100000000
100000000
100000000
100000000
100000000
100000000
100000000
100000000
100000000
