100000000
100000000
100000000
100000000
100000000
100000000
100000000
1973790
1973790
100000000
100000000
100000000
100000000
100000000
100000000
100000000
100000000
100000000
100000000
100000000
100000000
100000000
1973790
1973790
1973790
1973790
100000000
100000000
100000000
100000000
100000000
100000000
100000000
100000000
100000000
100000000
100000000
1973790
1973790
1973790
1973790
1973790
1973790
100000000
100000000
100000000
100000000
100000000
100000000
100000000
100000000
100000000
1973790
1973790
12785945
12654359
12522773
13509668
1973790
1973790
100000000
100000000
100000000
100000000
100000000
100000000
100000000
1973790
12785945
12654359
12785945
14101805
12391187
14364977
13114910
13509668
1973790
100000000
100000000
100000000
100000000
100000000
100000000
1973790
12128015
13772840
11864843
12456980
12917531
12062222
14167598
14233391
1973790
100000000
100000000
100000000
100000000
100000000
1973790
14167598
12456980
12522773
12522773
14167598
12193808
11930636
13378082
11864843
13443875
1973790
100000000
100000000
100000000
100000000
1973790
14167598
13641254
11996429
12851738
13970219
12654359
13049117
13180703
13114910
12983324
1973790
100000000
100000000
100000000
100000000
1973790
13707047
12522773
11930636
12917531
13443875
13509668
12851738
14036012
14233391
12062222
1973790
100000000
100000000
100000000
100000000
1973790
12588566
12917531
14299184
13575461
13378082
12456980
13443875
11930636
14101805
13904426
1973790
100000000
100000000
100000000
100000000
100000000
1973790
12654359
13904426
13246496
11864843
12456980
14364977
13114910
13049117
1973790
100000000
100000000
100000000
100000000
100000000
1973790
1973790
13378082
13180703
13312289
13443875
13378082
12851738
12128015
14101805
1973790
1973790
100000000
100000000
100000000
100000000
1973790
1973790
1973790
1973790
14101805
13772840
12062222
12325394
1973790
1973790
1973790
1973790
100000000
100000000
100000000
1973790
1973790
1973790
100000000
100000000
1973790
1973790
1973790
1973790
100000000
100000000
1973790
1973790
1973790
100000000
100000000
1973790
1973790
100000000
100000000
100000000
100000000
100000000
100000000
100000000
100000000
100000000
100000000
1973790
1973790
100000000
100000000
100000000
100000000
100000000
100000000
100000000
100000000
100000000
100000000
100000000
100000000
100000000
100000000
100000000
100000000
100000000
